Cam1 (left)
[[ 6.12323400e-17 -5.73576436e-01  8.19152044e-01  4.00000000e-02]
 [-1.00000000e+00 -3.51214273e-17  5.01585965e-17  6.00250000e-01]
 [ 0.00000000e+00 -8.19152044e-01 -5.73576436e-01 -1.14300000e+00]
 [ 0.00000000e+00  0.00000000e+00  0.00000000e+00  1.00000000e+00]]

Cam2 (middle)
[[ 6.12323400e-17 -5.73576436e-01  8.19152044e-01  4.00000000e-02]
 [-1.00000000e+00 -3.51214273e-17  5.01585965e-17  3.20850000e-01]
 [ 0.00000000e+00 -8.19152044e-01 -5.73576436e-01 -1.14300000e+00]
 [ 0.00000000e+00  0.00000000e+00  0.00000000e+00  1.00000000e+00]]

Cam3 (right)
[[ 6.12323400e-17 -5.73576436e-01  8.19152044e-01  4.00000000e-02]
 [-1.00000000e+00 -3.51214273e-17  5.01585965e-17  6.05000000e-02]
 [ 0.00000000e+00 -8.19152044e-01 -5.73576436e-01 -1.14300000e+00]
 [ 0.00000000e+00  0.00000000e+00  0.00000000e+00  1.00000000e+00]]